CREATE FROM SORTED LIST
        |10|
    |9|
        |8|
            |7|
|6|
        |5|
            |4|
    |3|
        |2|
            |1|


INSERT ITEMS
                    |13|
                |12|
            |11|
        |10|
    |9|
        |8|
            |7|
|6|
        |5|
            |4|
    |3|
        |2|
            |1|


ERASE 10
                |13|
            |12|
        |11|
    |9|
        |8|
            |7|
|6|
        |5|
            |4|
    |3|
        |2|
            |1|


ERASE 5
                |13|
            |12|
        |11|
    |9|
        |8|
            |7|
|6|
        |4|
    |3|
        |2|
            |1|


ERASE 9
                |13|
            |12|
        |11|
    |9|
        |8|
            |7|
|6|
        |4|
    |3|
        |2|
            |1|


Press any key to continue . . .