19 18 17 16 15 14 13 12 11 10 9 8 7 6 5 4 3 2 1 0

COPY THE LIST A BUNCH OF TIMES
0x1e5f80: 19 18 17 16 15 14 13 12 11 10 9 8 7 6 5 4 3 2 1 0
0x1e5f40: 19 18 17 16 15 14 13 12 11 10 9 8 7 6 5 4 3 2 1 0
0x1e5ca0: 19 18 17 16 15 14 13 12 11 10 9 8 7 6 5 4 3 2 1 0
0x1e5f80: 19 18 17 16 15 14 13 12 11 10 9 8 7 6 5 4 3 2 1 0
0x1e5f60: 19 18 17 16 15 14 13 12 11 10 9 8 7 6 5 4 3 2 1 0
0x1e5c20: 19 18 17 16 15 14 13 12 11 10 9 8 7 6 5 4 3 2 1 0
0x1e5cc0: 19 18 17 16 15 14 13 12 11 10 9 8 7 6 5 4 3 2 1 0
0x1e5d40: 19 18 17 16 15 14 13 12 11 10 9 8 7 6 5 4 3 2 1 0
0x1e5f40: 19 18 17 16 15 14 13 12 11 10 9 8 7 6 5 4 3 2 1 0
0x1e5ca0: 19 18 17 16 15 14 13 12 11 10 9 8 7 6 5 4 3 2 1 0
0x1e5f80: 19 18 17 16 15 14 13 12 11 10 9 8 7 6 5 4 3 2 1 0
0x1e5f60: 19 18 17 16 15 14 13 12 11 10 9 8 7 6 5 4 3 2 1 0
0x1e5d40: 19 18 17 16 15 14 13 12 11 10 9 8 7 6 5 4 3 2 1 0
0x1e5c80: 19 18 17 16 15 14 13 12 11 10 9 8 7 6 5 4 3 2 1 0
0x1e5c20: 19 18 17 16 15 14 13 12 11 10 9 8 7 6 5 4 3 2 1 0
0x1e5da0: 19 18 17 16 15 14 13 12 11 10 9 8 7 6 5 4 3 2 1 0
0x1e5c20: 19 18 17 16 15 14 13 12 11 10 9 8 7 6 5 4 3 2 1 0
0x1e5ea0: 19 18 17 16 15 14 13 12 11 10 9 8 7 6 5 4 3 2 1 0
0x1e5de0: 19 18 17 16 15 14 13 12 11 10 9 8 7 6 5 4 3 2 1 0
0x1e5e00: 19 18 17 16 15 14 13 12 11 10 9 8 7 6 5 4 3 2 1 0
0x1e5f40: 19 18 17 16 15 14 13 12 11 10 9 8 7 6 5 4 3 2 1 0
0x1e5ca0: 19 18 17 16 15 14 13 12 11 10 9 8 7 6 5 4 3 2 1 0
0x1e5f80: 19 18 17 16 15 14 13 12 11 10 9 8 7 6 5 4 3 2 1 0
0x1e5f60: 19 18 17 16 15 14 13 12 11 10 9 8 7 6 5 4 3 2 1 0
0x1e5d40: 19 18 17 16 15 14 13 12 11 10 9 8 7 6 5 4 3 2 1 0
0x1e5c80: 19 18 17 16 15 14 13 12 11 10 9 8 7 6 5 4 3 2 1 0
0x1e5c20: 19 18 17 16 15 14 13 12 11 10 9 8 7 6 5 4 3 2 1 0
0x1e5da0: 19 18 17 16 15 14 13 12 11 10 9 8 7 6 5 4 3 2 1 0
0x1e5c20: 19 18 17 16 15 14 13 12 11 10 9 8 7 6 5 4 3 2 1 0
0x1e5ea0: 19 18 17 16 15 14 13 12 11 10 9 8 7 6 5 4 3 2 1 0
0x1e5de0: 19 18 17 16 15 14 13 12 11 10 9 8 7 6 5 4 3 2 1 0
0x1e5da0: 19 18 17 16 15 14 13 12 11 10 9 8 7 6 5 4 3 2 1 0
0x1e5c80: 19 18 17 16 15 14 13 12 11 10 9 8 7 6 5 4 3 2 1 0
0x1e5f80: 19 18 17 16 15 14 13 12 11 10 9 8 7 6 5 4 3 2 1 0
0x1e5f60: 19 18 17 16 15 14 13 12 11 10 9 8 7 6 5 4 3 2 1 0
0x1e5c20: 19 18 17 16 15 14 13 12 11 10 9 8 7 6 5 4 3 2 1 0
0x1e5da0: 19 18 17 16 15 14 13 12 11 10 9 8 7 6 5 4 3 2 1 0
0x1e5c20: 19 18 17 16 15 14 13 12 11 10 9 8 7 6 5 4 3 2 1 0
0x1e5ca0: 19 18 17 16 15 14 13 12 11 10 9 8 7 6 5 4 3 2 1 0
0x1e5c20: 19 18 17 16 15 14 13 12 11 10 9 8 7 6 5 4 3 2 1 0
0x1e5f20: 19 18 17 16 15 14 13 12 11 10 9 8 7 6 5 4 3 2 1 0
0x1e5d40: 19 18 17 16 15 14 13 12 11 10 9 8 7 6 5 4 3 2 1 0
0x1e5f60: 19 18 17 16 15 14 13 12 11 10 9 8 7 6 5 4 3 2 1 0
0x1e5f80: 19 18 17 16 15 14 13 12 11 10 9 8 7 6 5 4 3 2 1 0
0x1e5f40: 19 18 17 16 15 14 13 12 11 10 9 8 7 6 5 4 3 2 1 0
0x1e5c40: 19 18 17 16 15 14 13 12 11 10 9 8 7 6 5 4 3 2 1 0
0x1e5da0: 19 18 17 16 15 14 13 12 11 10 9 8 7 6 5 4 3 2 1 0
0x1e5c20: 19 18 17 16 15 14 13 12 11 10 9 8 7 6 5 4 3 2 1 0
0x1e5d80: 19 18 17 16 15 14 13 12 11 10 9 8 7 6 5 4 3 2 1 0
0x1e5c20: 19 18 17 16 15 14 13 12 11 10 9 8 7 6 5 4 3 2 1 0
0x1e5e40: 19 18 17 16 15 14 13 12 11 10 9 8 7 6 5 4 3 2 1 0
0x1e5f60: 19 18 17 16 15 14 13 12 11 10 9 8 7 6 5 4 3 2 1 0
0x1e5f00: 19 18 17 16 15 14 13 12 11 10 9 8 7 6 5 4 3 2 1 0
0x1e5d80: 19 18 17 16 15 14 13 12 11 10 9 8 7 6 5 4 3 2 1 0
0x1e5f00: 19 18 17 16 15 14 13 12 11 10 9 8 7 6 5 4 3 2 1 0
0x1e5f80: 19 18 17 16 15 14 13 12 11 10 9 8 7 6 5 4 3 2 1 0
0x1e5f40: 19 18 17 16 15 14 13 12 11 10 9 8 7 6 5 4 3 2 1 0
0x1e5d20: 19 18 17 16 15 14 13 12 11 10 9 8 7 6 5 4 3 2 1 0
0x1e5f60: 19 18 17 16 15 14 13 12 11 10 9 8 7 6 5 4 3 2 1 0
0x1e5c20: 19 18 17 16 15 14 13 12 11 10 9 8 7 6 5 4 3 2 1 0
0x1e5d80: 19 18 17 16 15 14 13 12 11 10 9 8 7 6 5 4 3 2 1 0
0x1e5c20: 19 18 17 16 15 14 13 12 11 10 9 8 7 6 5 4 3 2 1 0
0x1e5de0: 19 18 17 16 15 14 13 12 11 10 9 8 7 6 5 4 3 2 1 0
0x1e5c20: 19 18 17 16 15 14 13 12 11 10 9 8 7 6 5 4 3 2 1 0
0x1e5f20: 19 18 17 16 15 14 13 12 11 10 9 8 7 6 5 4 3 2 1 0
0x1e5d20: 19 18 17 16 15 14 13 12 11 10 9 8 7 6 5 4 3 2 1 0
0x1e5f80: 19 18 17 16 15 14 13 12 11 10 9 8 7 6 5 4 3 2 1 0
0x1e5ca0: 19 18 17 16 15 14 13 12 11 10 9 8 7 6 5 4 3 2 1 0
0x1e5f40: 19 18 17 16 15 14 13 12 11 10 9 8 7 6 5 4 3 2 1 0
0x1e5c80: 19 18 17 16 15 14 13 12 11 10 9 8 7 6 5 4 3 2 1 0
0x1e5e60: 19 18 17 16 15 14 13 12 11 10 9 8 7 6 5 4 3 2 1 0
0x1e5c80: 19 18 17 16 15 14 13 12 11 10 9 8 7 6 5 4 3 2 1 0
0x1e5f80: 19 18 17 16 15 14 13 12 11 10 9 8 7 6 5 4 3 2 1 0
0x1e5c20: 19 18 17 16 15 14 13 12 11 10 9 8 7 6 5 4 3 2 1 0
0x1e5cc0: 19 18 17 16 15 14 13 12 11 10 9 8 7 6 5 4 3 2 1 0
0x1e5c20: 19 18 17 16 15 14 13 12 11 10 9 8 7 6 5 4 3 2 1 0
0x1e5c80: 19 18 17 16 15 14 13 12 11 10 9 8 7 6 5 4 3 2 1 0
0x1e5f60: 19 18 17 16 15 14 13 12 11 10 9 8 7 6 5 4 3 2 1 0
0x1e5ea0: 19 18 17 16 15 14 13 12 11 10 9 8 7 6 5 4 3 2 1 0
0x1e5d40: 19 18 17 16 15 14 13 12 11 10 9 8 7 6 5 4 3 2 1 0
0x1e5f00: 19 18 17 16 15 14 13 12 11 10 9 8 7 6 5 4 3 2 1 0
0x1e5f80: 19 18 17 16 15 14 13 12 11 10 9 8 7 6 5 4 3 2 1 0
0x1e5f60: 19 18 17 16 15 14 13 12 11 10 9 8 7 6 5 4 3 2 1 0
0x1e5cc0: 19 18 17 16 15 14 13 12 11 10 9 8 7 6 5 4 3 2 1 0
0x1e5d40: 19 18 17 16 15 14 13 12 11 10 9 8 7 6 5 4 3 2 1 0
0x1e5de0: 19 18 17 16 15 14 13 12 11 10 9 8 7 6 5 4 3 2 1 0
0x1e5da0: 19 18 17 16 15 14 13 12 11 10 9 8 7 6 5 4 3 2 1 0
0x1e5f60: 19 18 17 16 15 14 13 12 11 10 9 8 7 6 5 4 3 2 1 0
0x1e5ea0: 19 18 17 16 15 14 13 12 11 10 9 8 7 6 5 4 3 2 1 0
0x1e5c40: 19 18 17 16 15 14 13 12 11 10 9 8 7 6 5 4 3 2 1 0
0x1e5f80: 19 18 17 16 15 14 13 12 11 10 9 8 7 6 5 4 3 2 1 0
0x1e5f40: 19 18 17 16 15 14 13 12 11 10 9 8 7 6 5 4 3 2 1 0
0x1e5e00: 19 18 17 16 15 14 13 12 11 10 9 8 7 6 5 4 3 2 1 0
0x1e5c20: 19 18 17 16 15 14 13 12 11 10 9 8 7 6 5 4 3 2 1 0
0x1e5f20: 19 18 17 16 15 14 13 12 11 10 9 8 7 6 5 4 3 2 1 0
0x1e5d00: 19 18 17 16 15 14 13 12 11 10 9 8 7 6 5 4 3 2 1 0
0x1e5f60: 19 18 17 16 15 14 13 12 11 10 9 8 7 6 5 4 3 2 1 0
0x1e5d40: 19 18 17 16 15 14 13 12 11 10 9 8 7 6 5 4 3 2 1 0
0x1e5c80: 19 18 17 16 15 14 13 12 11 10 9 8 7 6 5 4 3 2 1 0
0x1e5c20: 19 18 17 16 15 14 13 12 11 10 9 8 7 6 5 4 3 2 1 0


PUSH BACK
0
0 1
0 1 2
0 1 2 3
0 1 2 3 4
0 1 2 3 4 5
0 1 2 3 4 5 6
0 1 2 3 4 5 6 7
0 1 2 3 4 5 6 7 8
0 1 2 3 4 5 6 7 8 9
PUSH FRONT
0 0 1 2 3 4 5 6 7 8 9
1 0 0 1 2 3 4 5 6 7 8 9
2 1 0 0 1 2 3 4 5 6 7 8 9
3 2 1 0 0 1 2 3 4 5 6 7 8 9
4 3 2 1 0 0 1 2 3 4 5 6 7 8 9
5 4 3 2 1 0 0 1 2 3 4 5 6 7 8 9
6 5 4 3 2 1 0 0 1 2 3 4 5 6 7 8 9
7 6 5 4 3 2 1 0 0 1 2 3 4 5 6 7 8 9
8 7 6 5 4 3 2 1 0 0 1 2 3 4 5 6 7 8 9
9 8 7 6 5 4 3 2 1 0 0 1 2 3 4 5 6 7 8 9
POP FRONT
8 7 6 5 4 3 2 1 0 0 1 2 3 4 5 6 7 8 9
7 6 5 4 3 2 1 0 0 1 2 3 4 5 6 7 8 9
6 5 4 3 2 1 0 0 1 2 3 4 5 6 7 8 9
5 4 3 2 1 0 0 1 2 3 4 5 6 7 8 9
4 3 2 1 0 0 1 2 3 4 5 6 7 8 9
3 2 1 0 0 1 2 3 4 5 6 7 8 9
2 1 0 0 1 2 3 4 5 6 7 8 9
1 0 0 1 2 3 4 5 6 7 8 9
0 0 1 2 3 4 5 6 7 8 9
0 1 2 3 4 5 6 7 8 9
0 1 2 3 4 5 6 7 8 9


0 1 2 3 4 5 6 7 8 9
0 1 2 3 4 5 6 7 8 9
0 1 2 3 4 5 6 7 8 9
0 1 2 3 4 5 6 7 8 9
0 1 2 3 4 5 6 7 8 9
0 1 2 3 4 5 6 7 8 9
0 1 2 3 4 5 6 7 8 9
0 1 2 3 4 5 6 7 8 9
0 1 2 3 4 5 6 7 8 9
0 1 2 3 4 5 6 7 8 9
verify things were actually copied
0 1 2 3 4 5 6 7 8 9 0
0 1 2 3 4 5 6 7 8 9
0 1 2 3 4 5 6 7 8 9 2
0 1 2 3 4 5 6 7 8 9
0 1 2 3 4 5 6 7 8 9 4
0 1 2 3 4 5 6 7 8 9
0 1 2 3 4 5 6 7 8 9 6
0 1 2 3 4 5 6 7 8 9
0 1 2 3 4 5 6 7 8 9 8
0 1 2 3 4 5 6 7 8 9


0 1 2 3 4 5 6 7 8 9 10 11 12 13 14 15 16 17 18 19
0 1 2 3 4 5 6 7 8 9 10 11 12 13 14 15 16 17 18 19


INSERT AT POSITION
5 5 5 5
6 5 5 7 5 6 5
INSERT AT ITERATOR
6 5 5 7 9 5 6 5


TEST PUSH STACK
0
1 0
2 1 0
3 2 1 0
4 3 2 1 0
5 4 3 2 1 0
6 5 4 3 2 1 0
7 6 5 4 3 2 1 0
8 7 6 5 4 3 2 1 0
9 8 7 6 5 4 3 2 1 0
TEST POP STACK
8 7 6 5 4 3 2 1 0
7 6 5 4 3 2 1 0
6 5 4 3 2 1 0
5 4 3 2 1 0
4 3 2 1 0
3 2 1 0
2 1 0
1 0
0



QUEUE PUSH
0
0 1
0 1 2
0 1 2 3
0 1 2 3 4
0 1 2 3 4 5
0 1 2 3 4 5 6
0 1 2 3 4 5 6 7
0 1 2 3 4 5 6 7 8
0 1 2 3 4 5 6 7 8 9
QUEUE POP
1 2 3 4 5 6 7 8 9
2 3 4 5 6 7 8 9
3 4 5 6 7 8 9
4 5 6 7 8 9
5 6 7 8 9
6 7 8 9
7 8 9
8 9
9


Press any key to continue . . .